R2(Model):  39.06306657340689
RMSE(Model):  1.372209057603304
RMSE(Theory):  3.08672836136462
